0 3 0.03679535799463225
0 7 0.1501793167379889
0 8 -0.1542420254689737
0 10 0.00670116810183939
0 14 0.020779169860254704
0 15 0.15704435745975368
1 2 -0.27718418547102597
1 3 0.16652403444063418
1 4 -0.3351134653370706
1 7 -0.09256942271659255
1 9 0.06072160333673664
1 10 0.01033470258963574
1 12 -0.137974533345299
1 15 -0.06803590250912535
2 1 -0.27718418547102597
2 6 -0.0503991748284544
2 10 0.06338264664438936
2 12 -0.23607400014567373
2 14 -0.06420324739325751
3 0 0.03679535799463225
3 1 0.16652403444063418
3 4 0.2852633207861947
3 7 0.19559829018121339
3 9 -0.267831203129517
3 11 0.26654417231158134
3 13 0.07593048353534104
3 14 -0.19977728583105783
4 1 -0.3351134653370706
4 3 0.2852633207861947
4 5 -0.034967345403042305
4 7 -0.13083569592454944
4 8 0.08326471886762128
4 11 0.10248510716767394
4 15 0.18948875366276038
5 4 -0.034967345403042305
5 7 -0.08499223751630329
5 10 0.12459904068659651
5 12 0.02680664521769759
5 13 -0.1607933390001484
5 15 -0.14116224330811766
6 2 -0.0503991748284544
6 7 -0.19949409525312217
6 10 0.044234666255181784
6 13 -0.15933365521532689
6 14 0.11531822695779341
6 15 0.08520350966318023
7 0 0.1501793167379889
7 1 -0.09256942271659255
7 3 0.19559829018121339
7 4 -0.13083569592454944
7 5 -0.08499223751630329
7 6 -0.19949409525312217
7 10 0.13854305114015186
7 12 0.04963216282358812
7 15 0.16142282451129594
8 0 -0.1542420254689737
8 4 0.08326471886762128
8 9 -0.24210828747678625
8 10 0.5499288641822409
8 14 -0.061603543335541716
9 1 0.06072160333673664
9 3 -0.267831203129517
9 8 -0.24210828747678625
9 11 0.392836935499552
9 13 0.07912627280349215
9 15 0.18362248636513
10 0 0.00670116810183939
10 1 0.01033470258963574
10 2 0.06338264664438936
10 5 0.12459904068659651
10 6 0.044234666255181784
10 7 0.13854305114015186
10 8 0.5499288641822409
10 12 0.21788027105558944
10 13 -0.06392639955055125
10 14 0.320527554418104
11 3 0.26654417231158134
11 4 0.10248510716767394
11 9 0.392836935499552
11 14 0.13996735125976914
12 1 -0.137974533345299
12 2 -0.23607400014567373
12 5 0.02680664521769759
12 7 0.04963216282358812
12 10 0.21788027105558944
12 15 0.2556627626799304
13 3 0.07593048353534104
13 5 -0.1607933390001484
13 6 -0.15933365521532689
13 9 0.07912627280349215
13 10 -0.06392639955055125
14 0 0.020779169860254704
14 2 -0.06420324739325751
14 3 -0.19977728583105783
14 6 0.11531822695779341
14 8 -0.061603543335541716
14 10 0.320527554418104
14 11 0.13996735125976914
14 15 0.36826307578947726
15 0 0.15704435745975368
15 1 -0.06803590250912535
15 4 0.18948875366276038
15 5 -0.14116224330811766
15 6 0.08520350966318023
15 7 0.16142282451129594
15 9 0.18362248636513
15 12 0.2556627626799304
15 14 0.36826307578947726
