0 7 0.04000396263910876
0 12 0.012594253812722295
0 13 -0.03878129290087132
0 14 0.037781217275640704
0 18 -0.1473339508964024
0 19 0.1008612205295332
0 20 -0.09520056208770586
0 27 -0.0011880615458980783
0 31 -0.3147682097609492
1 3 0.06703393526181273
1 6 -0.09126288271295718
1 7 -0.07587917527892318
1 13 0.06970287453603195
1 17 0.00407690493159571
1 22 0.13170279507030813
1 23 -0.6004570031394556
1 26 0.03132146290291056
2 5 -0.04805067395123371
2 6 -0.03135342682634896
2 9 0.006638893063989659
2 10 -0.19674442551167062
2 12 -0.014739960570348355
2 20 0.0018416505539658827
2 22 -0.07906614991890178
2 28 0.010780197014393585
2 30 0.1823701269767145
3 1 0.06703393526181273
3 4 -0.03269644994814174
3 5 0.09892871074548153
3 6 -0.05126467065098274
3 9 0.07376909697939095
3 10 0.08890071179266762
3 11 0.20344966473753784
3 19 -0.04325807382450535
3 31 -0.2928998194810102
4 3 -0.03269644994814174
4 6 -0.04471605340932471
4 9 0.19602997653044005
4 11 -0.1292262146085593
4 17 -0.3164718167729645
4 18 -0.042293950995159625
4 19 0.0945096581358263
4 21 0.036525383918372144
4 23 0.1250240155942546
4 29 -0.11695314235743488
5 2 -0.04805067395123371
5 3 0.09892871074548153
5 14 -0.0653195506475367
5 17 -0.04172016195854935
5 20 -0.02721956428919018
5 23 -0.0249657051388571
5 28 -0.07533280059923568
5 29 -0.0970314077468346
6 1 -0.09126288271295718
6 2 -0.03135342682634896
6 3 -0.05126467065098274
6 4 -0.04471605340932471
6 8 0.007337365885893491
6 11 -0.003720012370493677
6 20 0.30332441716548303
6 24 -0.012782580388279034
6 26 -0.22295244222589566
6 27 0.09934437206416163
7 0 0.04000396263910876
7 1 -0.07587917527892318
7 12 -0.005541756866763185
7 15 0.15617286952062215
7 21 -0.14328137146904318
7 22 0.05856140680709424
7 23 0.09256081401406965
7 25 -0.10353797323186878
7 26 0.029603471371513628
7 29 0.028146617329840026
8 6 0.007337365885893491
8 9 -0.10602268240211342
8 10 -0.10929784106556406
8 12 0.03935411401764703
8 13 -0.02132616539126057
8 15 0.1165617981864366
8 20 -0.06693601140832665
8 24 0.07000883252446624
8 25 -0.1361282683945602
8 30 -0.03493729269820043
9 2 0.006638893063989659
9 3 0.07376909697939095
9 4 0.19602997653044005
9 8 -0.10602268240211342
9 13 -0.1752394075709205
9 14 -0.12159285109712395
9 16 -0.018559122993534787
9 21 -0.023399013686672823
9 24 0.19017476950198187
9 26 0.07950065833499018
9 28 -0.08192161642444752
9 31 0.09945485370039372
10 2 -0.19674442551167062
10 3 0.08890071179266762
10 8 -0.10929784106556406
10 11 0.23462942673965784
10 15 0.010336487412223897
10 18 -0.07386067705713416
10 20 -0.03076410195280896
10 24 -0.14586915600258266
10 29 -0.13706274618939107
10 30 -0.021685757964993134
11 3 0.20344966473753784
11 4 -0.1292262146085593
11 6 -0.003720012370493677
11 10 0.23462942673965784
11 13 0.0915450571622806
11 15 -0.060806097140930555
11 21 0.060698799476327336
11 23 -0.07708946380410335
11 30 -0.011526998924636298
12 0 0.012594253812722295
12 2 -0.014739960570348355
12 7 -0.005541756866763185
12 8 0.03935411401764703
12 14 -0.2009699610897568
12 15 0.14584520876640616
12 21 0.10850495182029773
12 26 0.012991861429722792
12 29 -0.07771255104590456
13 0 -0.03878129290087132
13 1 0.06970287453603195
13 8 -0.02132616539126057
13 9 -0.1752394075709205
13 11 0.0915450571622806
13 17 -0.0934782435533589
13 18 -0.03858020860680341
13 26 0.04153542258581361
13 31 -0.01921491091778896
14 0 0.037781217275640704
14 5 -0.0653195506475367
14 9 -0.12159285109712395
14 12 -0.2009699610897568
14 17 -0.25552718728031987
14 22 -0.029638091843204543
14 24 0.008360232303745907
14 27 0.012192320318355014
14 28 0.05216174520879791
15 7 0.15617286952062215
15 8 0.1165617981864366
15 10 0.010336487412223897
15 11 -0.060806097140930555
15 12 0.14584520876640616
15 16 -0.12923693385746243
15 21 0.20908363364644333
15 22 0.02991132417012895
15 25 -0.06490922091389878
16 9 -0.018559122993534787
16 15 -0.12923693385746243
16 17 0.19889501712269336
16 21 0.09263690142494173
16 24 0.09893813205734704
17 1 0.00407690493159571
17 4 -0.3164718167729645
17 5 -0.04172016195854935
17 13 -0.0934782435533589
17 14 -0.25552718728031987
17 16 0.19889501712269336
17 21 -0.061734376004610916
17 25 0.2029696820134051
17 27 -0.08166168431165326
17 31 0.07680234406812902
18 0 -0.1473339508964024
18 4 -0.042293950995159625
18 10 -0.07386067705713416
18 13 -0.03858020860680341
18 22 0.004257392937653883
18 27 -0.19163800347263013
18 28 -0.009523220710448942
18 29 0.10043345531457425
19 0 0.1008612205295332
19 3 -0.04325807382450535
19 4 0.0945096581358263
19 20 -0.0987326420899135
19 21 0.05711205710679481
19 24 0.03737575731356074
19 29 0.021391815141205143
19 31 0.12474453675390325
20 0 -0.09520056208770586
20 2 0.0018416505539658827
20 5 -0.02721956428919018
20 6 0.30332441716548303
20 8 -0.06693601140832665
20 10 -0.03076410195280896
20 19 -0.0987326420899135
20 21 -0.06142177308755995
20 24 0.10470984869281624
21 4 0.036525383918372144
21 7 -0.14328137146904318
21 9 -0.023399013686672823
21 11 0.060698799476327336
21 12 0.10850495182029773
21 15 0.20908363364644333
21 16 0.09263690142494173
21 17 -0.061734376004610916
21 19 0.05711205710679481
21 20 -0.06142177308755995
21 24 0.15215317286519586
21 30 -0.04775202555540504
22 1 0.13170279507030813
22 2 -0.07906614991890178
22 7 0.05856140680709424
22 14 -0.029638091843204543
22 15 0.02991132417012895
22 18 0.004257392937653883
22 25 0.09297986497475061
22 27 -0.042877077094403915
22 28 -0.01640948610325608
22 29 -0.16521207355543285
22 30 0.09040454924107386
23 1 -0.6004570031394556
23 4 0.1250240155942546
23 5 -0.0249657051388571
23 7 0.09256081401406965
23 11 -0.07708946380410335
23 24 0.03801720171266543
23 27 0.06271607863613674
23 30 -0.11790040726586977
24 6 -0.012782580388279034
24 8 0.07000883252446624
24 9 0.19017476950198187
24 10 -0.14586915600258266
24 14 0.008360232303745907
24 16 0.09893813205734704
24 19 0.03737575731356074
24 20 0.10470984869281624
24 21 0.15215317286519586
24 23 0.03801720171266543
24 27 -0.20567678061008252
24 30 -0.023295125348749193
25 7 -0.10353797323186878
25 8 -0.1361282683945602
25 15 -0.06490922091389878
25 17 0.2029696820134051
25 22 0.09297986497475061
25 26 -0.0014400149792699864
25 27 -0.23100353140769234
25 30 -0.20963808224209776
26 1 0.03132146290291056
26 6 -0.22295244222589566
26 7 0.029603471371513628
26 9 0.07950065833499018
26 12 0.012991861429722792
26 13 0.04153542258581361
26 25 -0.0014400149792699864
26 29 0.05532475309820067
27 0 -0.0011880615458980783
27 6 0.09934437206416163
27 14 0.012192320318355014
27 17 -0.08166168431165326
27 18 -0.19163800347263013
27 22 -0.042877077094403915
27 23 0.06271607863613674
27 24 -0.20567678061008252
27 25 -0.23100353140769234
27 28 -0.04151124261895474
28 2 0.010780197014393585
28 5 -0.07533280059923568
28 9 -0.08192161642444752
28 14 0.05216174520879791
28 18 -0.009523220710448942
28 22 -0.01640948610325608
28 27 -0.04151124261895474
28 31 0.6247812551269474
29 4 -0.11695314235743488
29 5 -0.0970314077468346
29 7 0.028146617329840026
29 10 -0.13706274618939107
29 12 -0.07771255104590456
29 18 0.10043345531457425
29 19 0.021391815141205143
29 22 -0.16521207355543285
29 26 0.05532475309820067
30 2 0.1823701269767145
30 8 -0.03493729269820043
30 10 -0.021685757964993134
30 11 -0.011526998924636298
30 21 -0.04775202555540504
30 22 0.09040454924107386
30 23 -0.11790040726586977
30 24 -0.023295125348749193
30 25 -0.20963808224209776
31 0 -0.3147682097609492
31 3 -0.2928998194810102
31 9 0.09945485370039372
31 13 -0.01921491091778896
31 17 0.07680234406812902
31 19 0.12474453675390325
31 28 0.6247812551269474
